{
 "cells": [
  {
   "cell_type": "markdown",
   "id": "59a53146",
   "metadata": {},
   "source": [
    "## Using the US_Heart_Rate data and fitting different models to it"
   ]
  },
  {
   "cell_type": "markdown",
   "id": "6bcdf52b",
   "metadata": {},
   "source": [
    "### Will keep importing libraries wherever neede"
   ]
  },
  {
   "cell_type": "code",
   "execution_count": 1,
   "id": "406ea36c",
   "metadata": {},
   "outputs": [],
   "source": [
    "import pandas as pd\n",
    "import numpy as np"
   ]
  },
  {
   "cell_type": "markdown",
   "id": "7e707c2f",
   "metadata": {},
   "source": [
    "### Reading the data"
   ]
  },
  {
   "cell_type": "code",
   "execution_count": 53,
   "id": "431d2410",
   "metadata": {},
   "outputs": [
    {
     "data": {
      "text/html": [
       "<div>\n",
       "<style scoped>\n",
       "    .dataframe tbody tr th:only-of-type {\n",
       "        vertical-align: middle;\n",
       "    }\n",
       "\n",
       "    .dataframe tbody tr th {\n",
       "        vertical-align: top;\n",
       "    }\n",
       "\n",
       "    .dataframe thead th {\n",
       "        text-align: right;\n",
       "    }\n",
       "</style>\n",
       "<table border=\"1\" class=\"dataframe\">\n",
       "  <thead>\n",
       "    <tr style=\"text-align: right;\">\n",
       "      <th></th>\n",
       "      <th>male</th>\n",
       "      <th>age</th>\n",
       "      <th>education</th>\n",
       "      <th>currentSmoker</th>\n",
       "      <th>cigsPerDay</th>\n",
       "      <th>BPMeds</th>\n",
       "      <th>prevalentStroke</th>\n",
       "      <th>prevalentHyp</th>\n",
       "      <th>diabetes</th>\n",
       "      <th>totChol</th>\n",
       "      <th>sysBP</th>\n",
       "      <th>diaBP</th>\n",
       "      <th>BMI</th>\n",
       "      <th>heartRate</th>\n",
       "      <th>glucose</th>\n",
       "      <th>TenYearCHD</th>\n",
       "    </tr>\n",
       "  </thead>\n",
       "  <tbody>\n",
       "    <tr>\n",
       "      <th>0</th>\n",
       "      <td>1</td>\n",
       "      <td>39</td>\n",
       "      <td>4.0</td>\n",
       "      <td>0</td>\n",
       "      <td>0.0</td>\n",
       "      <td>0.0</td>\n",
       "      <td>0</td>\n",
       "      <td>0</td>\n",
       "      <td>0</td>\n",
       "      <td>195.0</td>\n",
       "      <td>106.0</td>\n",
       "      <td>70.0</td>\n",
       "      <td>26.97</td>\n",
       "      <td>80.0</td>\n",
       "      <td>77.0</td>\n",
       "      <td>0</td>\n",
       "    </tr>\n",
       "    <tr>\n",
       "      <th>1</th>\n",
       "      <td>0</td>\n",
       "      <td>46</td>\n",
       "      <td>2.0</td>\n",
       "      <td>0</td>\n",
       "      <td>0.0</td>\n",
       "      <td>0.0</td>\n",
       "      <td>0</td>\n",
       "      <td>0</td>\n",
       "      <td>0</td>\n",
       "      <td>250.0</td>\n",
       "      <td>121.0</td>\n",
       "      <td>81.0</td>\n",
       "      <td>28.73</td>\n",
       "      <td>95.0</td>\n",
       "      <td>76.0</td>\n",
       "      <td>0</td>\n",
       "    </tr>\n",
       "    <tr>\n",
       "      <th>2</th>\n",
       "      <td>1</td>\n",
       "      <td>48</td>\n",
       "      <td>1.0</td>\n",
       "      <td>1</td>\n",
       "      <td>20.0</td>\n",
       "      <td>0.0</td>\n",
       "      <td>0</td>\n",
       "      <td>0</td>\n",
       "      <td>0</td>\n",
       "      <td>245.0</td>\n",
       "      <td>127.5</td>\n",
       "      <td>80.0</td>\n",
       "      <td>25.34</td>\n",
       "      <td>75.0</td>\n",
       "      <td>70.0</td>\n",
       "      <td>0</td>\n",
       "    </tr>\n",
       "    <tr>\n",
       "      <th>3</th>\n",
       "      <td>0</td>\n",
       "      <td>61</td>\n",
       "      <td>3.0</td>\n",
       "      <td>1</td>\n",
       "      <td>30.0</td>\n",
       "      <td>0.0</td>\n",
       "      <td>0</td>\n",
       "      <td>1</td>\n",
       "      <td>0</td>\n",
       "      <td>225.0</td>\n",
       "      <td>150.0</td>\n",
       "      <td>95.0</td>\n",
       "      <td>28.58</td>\n",
       "      <td>65.0</td>\n",
       "      <td>103.0</td>\n",
       "      <td>1</td>\n",
       "    </tr>\n",
       "    <tr>\n",
       "      <th>4</th>\n",
       "      <td>0</td>\n",
       "      <td>46</td>\n",
       "      <td>3.0</td>\n",
       "      <td>1</td>\n",
       "      <td>23.0</td>\n",
       "      <td>0.0</td>\n",
       "      <td>0</td>\n",
       "      <td>0</td>\n",
       "      <td>0</td>\n",
       "      <td>285.0</td>\n",
       "      <td>130.0</td>\n",
       "      <td>84.0</td>\n",
       "      <td>23.10</td>\n",
       "      <td>85.0</td>\n",
       "      <td>85.0</td>\n",
       "      <td>0</td>\n",
       "    </tr>\n",
       "  </tbody>\n",
       "</table>\n",
       "</div>"
      ],
      "text/plain": [
       "   male  age  education  currentSmoker  cigsPerDay  BPMeds  prevalentStroke  \\\n",
       "0     1   39        4.0              0         0.0     0.0                0   \n",
       "1     0   46        2.0              0         0.0     0.0                0   \n",
       "2     1   48        1.0              1        20.0     0.0                0   \n",
       "3     0   61        3.0              1        30.0     0.0                0   \n",
       "4     0   46        3.0              1        23.0     0.0                0   \n",
       "\n",
       "   prevalentHyp  diabetes  totChol  sysBP  diaBP    BMI  heartRate  glucose  \\\n",
       "0             0         0    195.0  106.0   70.0  26.97       80.0     77.0   \n",
       "1             0         0    250.0  121.0   81.0  28.73       95.0     76.0   \n",
       "2             0         0    245.0  127.5   80.0  25.34       75.0     70.0   \n",
       "3             1         0    225.0  150.0   95.0  28.58       65.0    103.0   \n",
       "4             0         0    285.0  130.0   84.0  23.10       85.0     85.0   \n",
       "\n",
       "   TenYearCHD  \n",
       "0           0  \n",
       "1           0  \n",
       "2           0  \n",
       "3           1  \n",
       "4           0  "
      ]
     },
     "execution_count": 53,
     "metadata": {},
     "output_type": "execute_result"
    }
   ],
   "source": [
    "df = pd.read_csv(\"US_Heart_Patients.csv\")\n",
    "df.head()"
   ]
  },
  {
   "cell_type": "code",
   "execution_count": 54,
   "id": "3b3486ee",
   "metadata": {
    "scrolled": true
   },
   "outputs": [
    {
     "data": {
      "text/html": [
       "<div>\n",
       "<style scoped>\n",
       "    .dataframe tbody tr th:only-of-type {\n",
       "        vertical-align: middle;\n",
       "    }\n",
       "\n",
       "    .dataframe tbody tr th {\n",
       "        vertical-align: top;\n",
       "    }\n",
       "\n",
       "    .dataframe thead th {\n",
       "        text-align: right;\n",
       "    }\n",
       "</style>\n",
       "<table border=\"1\" class=\"dataframe\">\n",
       "  <thead>\n",
       "    <tr style=\"text-align: right;\">\n",
       "      <th></th>\n",
       "      <th>male</th>\n",
       "      <th>age</th>\n",
       "      <th>education</th>\n",
       "      <th>currentSmoker</th>\n",
       "      <th>cigsPerDay</th>\n",
       "      <th>BPMeds</th>\n",
       "      <th>prevalentStroke</th>\n",
       "      <th>prevalentHyp</th>\n",
       "      <th>diabetes</th>\n",
       "      <th>totChol</th>\n",
       "      <th>sysBP</th>\n",
       "      <th>diaBP</th>\n",
       "      <th>BMI</th>\n",
       "      <th>heartRate</th>\n",
       "      <th>glucose</th>\n",
       "      <th>TenYearCHD</th>\n",
       "    </tr>\n",
       "  </thead>\n",
       "  <tbody>\n",
       "    <tr>\n",
       "      <th>4235</th>\n",
       "      <td>0</td>\n",
       "      <td>48</td>\n",
       "      <td>2.0</td>\n",
       "      <td>1</td>\n",
       "      <td>20.0</td>\n",
       "      <td>NaN</td>\n",
       "      <td>0</td>\n",
       "      <td>0</td>\n",
       "      <td>0</td>\n",
       "      <td>248.0</td>\n",
       "      <td>131.0</td>\n",
       "      <td>72.0</td>\n",
       "      <td>22.00</td>\n",
       "      <td>84.0</td>\n",
       "      <td>86.0</td>\n",
       "      <td>0</td>\n",
       "    </tr>\n",
       "    <tr>\n",
       "      <th>4236</th>\n",
       "      <td>0</td>\n",
       "      <td>44</td>\n",
       "      <td>1.0</td>\n",
       "      <td>1</td>\n",
       "      <td>15.0</td>\n",
       "      <td>0.0</td>\n",
       "      <td>0</td>\n",
       "      <td>0</td>\n",
       "      <td>0</td>\n",
       "      <td>210.0</td>\n",
       "      <td>126.5</td>\n",
       "      <td>87.0</td>\n",
       "      <td>19.16</td>\n",
       "      <td>86.0</td>\n",
       "      <td>NaN</td>\n",
       "      <td>0</td>\n",
       "    </tr>\n",
       "    <tr>\n",
       "      <th>4237</th>\n",
       "      <td>0</td>\n",
       "      <td>52</td>\n",
       "      <td>2.0</td>\n",
       "      <td>0</td>\n",
       "      <td>0.0</td>\n",
       "      <td>0.0</td>\n",
       "      <td>0</td>\n",
       "      <td>0</td>\n",
       "      <td>0</td>\n",
       "      <td>269.0</td>\n",
       "      <td>133.5</td>\n",
       "      <td>83.0</td>\n",
       "      <td>21.47</td>\n",
       "      <td>80.0</td>\n",
       "      <td>107.0</td>\n",
       "      <td>0</td>\n",
       "    </tr>\n",
       "    <tr>\n",
       "      <th>4238</th>\n",
       "      <td>1</td>\n",
       "      <td>40</td>\n",
       "      <td>3.0</td>\n",
       "      <td>0</td>\n",
       "      <td>0.0</td>\n",
       "      <td>0.0</td>\n",
       "      <td>0</td>\n",
       "      <td>1</td>\n",
       "      <td>0</td>\n",
       "      <td>185.0</td>\n",
       "      <td>141.0</td>\n",
       "      <td>98.0</td>\n",
       "      <td>25.60</td>\n",
       "      <td>67.0</td>\n",
       "      <td>72.0</td>\n",
       "      <td>0</td>\n",
       "    </tr>\n",
       "    <tr>\n",
       "      <th>4239</th>\n",
       "      <td>0</td>\n",
       "      <td>39</td>\n",
       "      <td>3.0</td>\n",
       "      <td>1</td>\n",
       "      <td>30.0</td>\n",
       "      <td>0.0</td>\n",
       "      <td>0</td>\n",
       "      <td>0</td>\n",
       "      <td>0</td>\n",
       "      <td>196.0</td>\n",
       "      <td>133.0</td>\n",
       "      <td>86.0</td>\n",
       "      <td>20.91</td>\n",
       "      <td>85.0</td>\n",
       "      <td>80.0</td>\n",
       "      <td>0</td>\n",
       "    </tr>\n",
       "  </tbody>\n",
       "</table>\n",
       "</div>"
      ],
      "text/plain": [
       "      male  age  education  currentSmoker  cigsPerDay  BPMeds  \\\n",
       "4235     0   48        2.0              1        20.0     NaN   \n",
       "4236     0   44        1.0              1        15.0     0.0   \n",
       "4237     0   52        2.0              0         0.0     0.0   \n",
       "4238     1   40        3.0              0         0.0     0.0   \n",
       "4239     0   39        3.0              1        30.0     0.0   \n",
       "\n",
       "      prevalentStroke  prevalentHyp  diabetes  totChol  sysBP  diaBP    BMI  \\\n",
       "4235                0             0         0    248.0  131.0   72.0  22.00   \n",
       "4236                0             0         0    210.0  126.5   87.0  19.16   \n",
       "4237                0             0         0    269.0  133.5   83.0  21.47   \n",
       "4238                0             1         0    185.0  141.0   98.0  25.60   \n",
       "4239                0             0         0    196.0  133.0   86.0  20.91   \n",
       "\n",
       "      heartRate  glucose  TenYearCHD  \n",
       "4235       84.0     86.0           0  \n",
       "4236       86.0      NaN           0  \n",
       "4237       80.0    107.0           0  \n",
       "4238       67.0     72.0           0  \n",
       "4239       85.0     80.0           0  "
      ]
     },
     "execution_count": 54,
     "metadata": {},
     "output_type": "execute_result"
    }
   ],
   "source": [
    "df.tail()"
   ]
  },
  {
   "cell_type": "markdown",
   "id": "ba45587f",
   "metadata": {},
   "source": [
    "### Dimensions of the data"
   ]
  },
  {
   "cell_type": "code",
   "execution_count": 66,
   "id": "6279bca1",
   "metadata": {},
   "outputs": [
    {
     "data": {
      "text/plain": [
       "(4240, 16)"
      ]
     },
     "execution_count": 66,
     "metadata": {},
     "output_type": "execute_result"
    }
   ],
   "source": [
    "df.shape #No of rows=4240, no of cols=16"
   ]
  },
  {
   "cell_type": "code",
   "execution_count": 63,
   "id": "54a514a0",
   "metadata": {},
   "outputs": [
    {
     "name": "stdout",
     "output_type": "stream",
     "text": [
      "<class 'pandas.core.frame.DataFrame'>\n",
      "RangeIndex: 4240 entries, 0 to 4239\n",
      "Data columns (total 16 columns):\n",
      " #   Column           Non-Null Count  Dtype  \n",
      "---  ------           --------------  -----  \n",
      " 0   male             4240 non-null   int64  \n",
      " 1   age              4240 non-null   int64  \n",
      " 2   education        4135 non-null   float64\n",
      " 3   currentSmoker    4240 non-null   int64  \n",
      " 4   cigsPerDay       4211 non-null   float64\n",
      " 5   BPMeds           4187 non-null   float64\n",
      " 6   prevalentStroke  4240 non-null   int64  \n",
      " 7   prevalentHyp     4240 non-null   int64  \n",
      " 8   diabetes         4240 non-null   int64  \n",
      " 9   totChol          4190 non-null   float64\n",
      " 10  sysBP            4240 non-null   float64\n",
      " 11  diaBP            4240 non-null   float64\n",
      " 12  BMI              4221 non-null   float64\n",
      " 13  heartRate        4239 non-null   float64\n",
      " 14  glucose          3852 non-null   float64\n",
      " 15  TenYearCHD       4240 non-null   int64  \n",
      "dtypes: float64(9), int64(7)\n",
      "memory usage: 530.1 KB\n"
     ]
    }
   ],
   "source": [
    "# Basic info of the data\n",
    "df.info()"
   ]
  },
  {
   "cell_type": "code",
   "execution_count": 67,
   "id": "6fe335fb",
   "metadata": {
    "scrolled": true
   },
   "outputs": [
    {
     "data": {
      "text/plain": [
       "Index(['male', 'age', 'education', 'currentSmoker', 'cigsPerDay', 'BPMeds',\n",
       "       'prevalentStroke', 'prevalentHyp', 'diabetes', 'totChol', 'sysBP',\n",
       "       'diaBP', 'BMI', 'heartRate', 'glucose', 'TenYearCHD'],\n",
       "      dtype='object')"
      ]
     },
     "execution_count": 67,
     "metadata": {},
     "output_type": "execute_result"
    }
   ],
   "source": [
    "# Name of all the columns\n",
    "df.columns"
   ]
  },
  {
   "cell_type": "code",
   "execution_count": null,
   "id": "01a6954c",
   "metadata": {},
   "outputs": [],
   "source": []
  },
  {
   "cell_type": "markdown",
   "id": "92e37697",
   "metadata": {},
   "source": [
    "### Details of the columns:-"
   ]
  },
  {
   "cell_type": "raw",
   "id": "afb16cea",
   "metadata": {},
   "source": [
    "1) 'male': This column contains binary values indicating whether the patient is male (1) or not (0).\n",
    "\n",
    "2) 'age': This column contains the age of the patients in years.\n",
    "\n",
    "3) 'education': This column contains information about the educational level of the patients.\n",
    "\n",
    "4) 'currentSmoker': This column contains binary values indicating whether the patient is a current smoker (1) or not (0).\n",
    "\n",
    "5) 'cigsPerDay': This column contains the number of cigarettes smoked per day by the patients who are smokers.\n",
    "\n",
    "6) 'BPMeds': This column contains binary values indicating whether the patient is on blood pressure medication (1) or not (0).\n",
    "\n",
    "7) 'prevalentStroke': This column contains binary values indicating whether the patient has had a prevalent stroke (1) or not (0).\n",
    "\n",
    "8) 'prevalentHyp': This column contains binary values indicating whether the patient has prevalent hypertension (high blood pressure) (1) or not (0).\n",
    "\n",
    "9) 'diabetes': This column contains binary values indicating whether the patient has diabetes (1) or not (0).\n",
    "\n",
    "10) 'totChol': This column contains the total cholesterol levels of the patients.\n",
    "\n",
    "11) 'sysBP': This column contains the systolic blood pressure of the patients.\n",
    "\n",
    "12) 'diaBP': This column contains the diastolic blood pressure of the patients.\n",
    "\n",
    "13) 'BMI': This column contains the Body Mass Index (BMI) of the patients, which is a measure of body fat based on height and weight.\n",
    "\n",
    "14) 'heartRate': This column contains the heart rate of the patients.\n",
    "\n",
    "15) 'glucose': This column contains the glucose levels (blood sugar levels) of the patients.\n",
    "\n",
    "16) 'TenYearCHD': This column contains binary values indicating whether the patient is at risk of coronary heart disease (CHD) over the next ten years (1) or not (0)."
   ]
  },
  {
   "cell_type": "code",
   "execution_count": 69,
   "id": "b86a816d",
   "metadata": {},
   "outputs": [
    {
     "data": {
      "text/plain": [
       "male                 0\n",
       "age                  0\n",
       "education          105\n",
       "currentSmoker        0\n",
       "cigsPerDay          29\n",
       "BPMeds              53\n",
       "prevalentStroke      0\n",
       "prevalentHyp         0\n",
       "diabetes             0\n",
       "totChol             50\n",
       "sysBP                0\n",
       "diaBP                0\n",
       "BMI                 19\n",
       "heartRate            1\n",
       "glucose            388\n",
       "TenYearCHD           0\n",
       "dtype: int64"
      ]
     },
     "execution_count": 69,
     "metadata": {},
     "output_type": "execute_result"
    }
   ],
   "source": [
    "# Checking the data for missing values\n",
    "df.isna().sum()"
   ]
  },
  {
   "cell_type": "markdown",
   "id": "b10a4948",
   "metadata": {},
   "source": [
    "### Handling missing values by filling the space with the mean of the respective column"
   ]
  },
  {
   "cell_type": "code",
   "execution_count": 76,
   "id": "65806bb1",
   "metadata": {},
   "outputs": [],
   "source": [
    "columns_to_fill = ['cigsPerDay','BPMeds','totChol','BMI','heartRate','glucose']\n",
    "df[columns_to_fill] = df[columns_to_fill].fillna(df[columns_to_fill].mean())"
   ]
  },
  {
   "cell_type": "code",
   "execution_count": 78,
   "id": "b07a4406",
   "metadata": {},
   "outputs": [
    {
     "data": {
      "text/html": [
       "<div>\n",
       "<style scoped>\n",
       "    .dataframe tbody tr th:only-of-type {\n",
       "        vertical-align: middle;\n",
       "    }\n",
       "\n",
       "    .dataframe tbody tr th {\n",
       "        vertical-align: top;\n",
       "    }\n",
       "\n",
       "    .dataframe thead th {\n",
       "        text-align: right;\n",
       "    }\n",
       "</style>\n",
       "<table border=\"1\" class=\"dataframe\">\n",
       "  <thead>\n",
       "    <tr style=\"text-align: right;\">\n",
       "      <th></th>\n",
       "      <th>male</th>\n",
       "      <th>age</th>\n",
       "      <th>education</th>\n",
       "      <th>currentSmoker</th>\n",
       "      <th>cigsPerDay</th>\n",
       "      <th>BPMeds</th>\n",
       "      <th>prevalentStroke</th>\n",
       "      <th>prevalentHyp</th>\n",
       "      <th>diabetes</th>\n",
       "      <th>totChol</th>\n",
       "      <th>sysBP</th>\n",
       "      <th>diaBP</th>\n",
       "      <th>BMI</th>\n",
       "      <th>heartRate</th>\n",
       "      <th>glucose</th>\n",
       "      <th>TenYearCHD</th>\n",
       "    </tr>\n",
       "  </thead>\n",
       "  <tbody>\n",
       "    <tr>\n",
       "      <th>male</th>\n",
       "      <td>1.000000</td>\n",
       "      <td>-0.029014</td>\n",
       "      <td>0.017415</td>\n",
       "      <td>0.197026</td>\n",
       "      <td>0.316023</td>\n",
       "      <td>-0.052203</td>\n",
       "      <td>-0.004550</td>\n",
       "      <td>0.005853</td>\n",
       "      <td>0.015693</td>\n",
       "      <td>-0.070064</td>\n",
       "      <td>-0.035879</td>\n",
       "      <td>0.058199</td>\n",
       "      <td>0.081705</td>\n",
       "      <td>-0.116913</td>\n",
       "      <td>0.005718</td>\n",
       "      <td>0.088374</td>\n",
       "    </tr>\n",
       "    <tr>\n",
       "      <th>age</th>\n",
       "      <td>-0.029014</td>\n",
       "      <td>1.000000</td>\n",
       "      <td>-0.166356</td>\n",
       "      <td>-0.213662</td>\n",
       "      <td>-0.192534</td>\n",
       "      <td>0.122036</td>\n",
       "      <td>0.057679</td>\n",
       "      <td>0.306799</td>\n",
       "      <td>0.101314</td>\n",
       "      <td>0.260691</td>\n",
       "      <td>0.394053</td>\n",
       "      <td>0.205586</td>\n",
       "      <td>0.135578</td>\n",
       "      <td>-0.012839</td>\n",
       "      <td>0.116951</td>\n",
       "      <td>0.225408</td>\n",
       "    </tr>\n",
       "    <tr>\n",
       "      <th>education</th>\n",
       "      <td>0.017415</td>\n",
       "      <td>-0.166356</td>\n",
       "      <td>1.000000</td>\n",
       "      <td>0.018528</td>\n",
       "      <td>0.008296</td>\n",
       "      <td>-0.010820</td>\n",
       "      <td>-0.035142</td>\n",
       "      <td>-0.081726</td>\n",
       "      <td>-0.038749</td>\n",
       "      <td>-0.023504</td>\n",
       "      <td>-0.129496</td>\n",
       "      <td>-0.061919</td>\n",
       "      <td>-0.137476</td>\n",
       "      <td>-0.054176</td>\n",
       "      <td>-0.034228</td>\n",
       "      <td>-0.054248</td>\n",
       "    </tr>\n",
       "    <tr>\n",
       "      <th>currentSmoker</th>\n",
       "      <td>0.197026</td>\n",
       "      <td>-0.213662</td>\n",
       "      <td>0.018528</td>\n",
       "      <td>1.000000</td>\n",
       "      <td>0.767055</td>\n",
       "      <td>-0.048621</td>\n",
       "      <td>-0.032980</td>\n",
       "      <td>-0.103710</td>\n",
       "      <td>-0.044285</td>\n",
       "      <td>-0.046211</td>\n",
       "      <td>-0.130281</td>\n",
       "      <td>-0.107933</td>\n",
       "      <td>-0.167483</td>\n",
       "      <td>0.062678</td>\n",
       "      <td>-0.054062</td>\n",
       "      <td>0.019448</td>\n",
       "    </tr>\n",
       "    <tr>\n",
       "      <th>cigsPerDay</th>\n",
       "      <td>0.316023</td>\n",
       "      <td>-0.192534</td>\n",
       "      <td>0.008296</td>\n",
       "      <td>0.767055</td>\n",
       "      <td>1.000000</td>\n",
       "      <td>-0.045847</td>\n",
       "      <td>-0.032711</td>\n",
       "      <td>-0.066444</td>\n",
       "      <td>-0.037086</td>\n",
       "      <td>-0.026182</td>\n",
       "      <td>-0.088523</td>\n",
       "      <td>-0.056473</td>\n",
       "      <td>-0.092888</td>\n",
       "      <td>0.075257</td>\n",
       "      <td>-0.056020</td>\n",
       "      <td>0.057646</td>\n",
       "    </tr>\n",
       "    <tr>\n",
       "      <th>BPMeds</th>\n",
       "      <td>-0.052203</td>\n",
       "      <td>0.122036</td>\n",
       "      <td>-0.010820</td>\n",
       "      <td>-0.048621</td>\n",
       "      <td>-0.045847</td>\n",
       "      <td>1.000000</td>\n",
       "      <td>0.115008</td>\n",
       "      <td>0.259125</td>\n",
       "      <td>0.051584</td>\n",
       "      <td>0.078973</td>\n",
       "      <td>0.252023</td>\n",
       "      <td>0.192387</td>\n",
       "      <td>0.099586</td>\n",
       "      <td>0.015172</td>\n",
       "      <td>0.048925</td>\n",
       "      <td>0.086805</td>\n",
       "    </tr>\n",
       "    <tr>\n",
       "      <th>prevalentStroke</th>\n",
       "      <td>-0.004550</td>\n",
       "      <td>0.057679</td>\n",
       "      <td>-0.035142</td>\n",
       "      <td>-0.032980</td>\n",
       "      <td>-0.032711</td>\n",
       "      <td>0.115008</td>\n",
       "      <td>1.000000</td>\n",
       "      <td>0.074791</td>\n",
       "      <td>0.006955</td>\n",
       "      <td>0.000105</td>\n",
       "      <td>0.057000</td>\n",
       "      <td>0.045153</td>\n",
       "      <td>0.024856</td>\n",
       "      <td>-0.017674</td>\n",
       "      <td>0.018065</td>\n",
       "      <td>0.061823</td>\n",
       "    </tr>\n",
       "    <tr>\n",
       "      <th>prevalentHyp</th>\n",
       "      <td>0.005853</td>\n",
       "      <td>0.306799</td>\n",
       "      <td>-0.081726</td>\n",
       "      <td>-0.103710</td>\n",
       "      <td>-0.066444</td>\n",
       "      <td>0.259125</td>\n",
       "      <td>0.074791</td>\n",
       "      <td>1.000000</td>\n",
       "      <td>0.077752</td>\n",
       "      <td>0.162683</td>\n",
       "      <td>0.696656</td>\n",
       "      <td>0.615840</td>\n",
       "      <td>0.300599</td>\n",
       "      <td>0.146777</td>\n",
       "      <td>0.082757</td>\n",
       "      <td>0.177458</td>\n",
       "    </tr>\n",
       "    <tr>\n",
       "      <th>diabetes</th>\n",
       "      <td>0.015693</td>\n",
       "      <td>0.101314</td>\n",
       "      <td>-0.038749</td>\n",
       "      <td>-0.044285</td>\n",
       "      <td>-0.037086</td>\n",
       "      <td>0.051584</td>\n",
       "      <td>0.006955</td>\n",
       "      <td>0.077752</td>\n",
       "      <td>1.000000</td>\n",
       "      <td>0.040161</td>\n",
       "      <td>0.111265</td>\n",
       "      <td>0.050260</td>\n",
       "      <td>0.086282</td>\n",
       "      <td>0.048986</td>\n",
       "      <td>0.605709</td>\n",
       "      <td>0.097344</td>\n",
       "    </tr>\n",
       "    <tr>\n",
       "      <th>totChol</th>\n",
       "      <td>-0.070064</td>\n",
       "      <td>0.260691</td>\n",
       "      <td>-0.023504</td>\n",
       "      <td>-0.046211</td>\n",
       "      <td>-0.026182</td>\n",
       "      <td>0.078973</td>\n",
       "      <td>0.000105</td>\n",
       "      <td>0.162683</td>\n",
       "      <td>0.040161</td>\n",
       "      <td>1.000000</td>\n",
       "      <td>0.207436</td>\n",
       "      <td>0.163423</td>\n",
       "      <td>0.115013</td>\n",
       "      <td>0.090678</td>\n",
       "      <td>0.044710</td>\n",
       "      <td>0.081807</td>\n",
       "    </tr>\n",
       "    <tr>\n",
       "      <th>sysBP</th>\n",
       "      <td>-0.035879</td>\n",
       "      <td>0.394053</td>\n",
       "      <td>-0.129496</td>\n",
       "      <td>-0.130281</td>\n",
       "      <td>-0.088523</td>\n",
       "      <td>0.252023</td>\n",
       "      <td>0.057000</td>\n",
       "      <td>0.696656</td>\n",
       "      <td>0.111265</td>\n",
       "      <td>0.207436</td>\n",
       "      <td>1.000000</td>\n",
       "      <td>0.783952</td>\n",
       "      <td>0.325172</td>\n",
       "      <td>0.182084</td>\n",
       "      <td>0.134561</td>\n",
       "      <td>0.216374</td>\n",
       "    </tr>\n",
       "    <tr>\n",
       "      <th>diaBP</th>\n",
       "      <td>0.058199</td>\n",
       "      <td>0.205586</td>\n",
       "      <td>-0.061919</td>\n",
       "      <td>-0.107933</td>\n",
       "      <td>-0.056473</td>\n",
       "      <td>0.192387</td>\n",
       "      <td>0.045153</td>\n",
       "      <td>0.615840</td>\n",
       "      <td>0.050260</td>\n",
       "      <td>0.163423</td>\n",
       "      <td>0.783952</td>\n",
       "      <td>1.000000</td>\n",
       "      <td>0.376317</td>\n",
       "      <td>0.181012</td>\n",
       "      <td>0.058499</td>\n",
       "      <td>0.145112</td>\n",
       "    </tr>\n",
       "    <tr>\n",
       "      <th>BMI</th>\n",
       "      <td>0.081705</td>\n",
       "      <td>0.135578</td>\n",
       "      <td>-0.137476</td>\n",
       "      <td>-0.167483</td>\n",
       "      <td>-0.092888</td>\n",
       "      <td>0.099586</td>\n",
       "      <td>0.024856</td>\n",
       "      <td>0.300599</td>\n",
       "      <td>0.086282</td>\n",
       "      <td>0.115013</td>\n",
       "      <td>0.325172</td>\n",
       "      <td>0.376317</td>\n",
       "      <td>1.000000</td>\n",
       "      <td>0.067318</td>\n",
       "      <td>0.082123</td>\n",
       "      <td>0.074788</td>\n",
       "    </tr>\n",
       "    <tr>\n",
       "      <th>heartRate</th>\n",
       "      <td>-0.116913</td>\n",
       "      <td>-0.012839</td>\n",
       "      <td>-0.054176</td>\n",
       "      <td>0.062678</td>\n",
       "      <td>0.075257</td>\n",
       "      <td>0.015172</td>\n",
       "      <td>-0.017674</td>\n",
       "      <td>0.146777</td>\n",
       "      <td>0.048986</td>\n",
       "      <td>0.090678</td>\n",
       "      <td>0.182084</td>\n",
       "      <td>0.181012</td>\n",
       "      <td>0.067318</td>\n",
       "      <td>1.000000</td>\n",
       "      <td>0.089386</td>\n",
       "      <td>0.022892</td>\n",
       "    </tr>\n",
       "    <tr>\n",
       "      <th>glucose</th>\n",
       "      <td>0.005718</td>\n",
       "      <td>0.116951</td>\n",
       "      <td>-0.034228</td>\n",
       "      <td>-0.054062</td>\n",
       "      <td>-0.056020</td>\n",
       "      <td>0.048925</td>\n",
       "      <td>0.018065</td>\n",
       "      <td>0.082757</td>\n",
       "      <td>0.605709</td>\n",
       "      <td>0.044710</td>\n",
       "      <td>0.134561</td>\n",
       "      <td>0.058499</td>\n",
       "      <td>0.082123</td>\n",
       "      <td>0.089386</td>\n",
       "      <td>1.000000</td>\n",
       "      <td>0.120451</td>\n",
       "    </tr>\n",
       "    <tr>\n",
       "      <th>TenYearCHD</th>\n",
       "      <td>0.088374</td>\n",
       "      <td>0.225408</td>\n",
       "      <td>-0.054248</td>\n",
       "      <td>0.019448</td>\n",
       "      <td>0.057646</td>\n",
       "      <td>0.086805</td>\n",
       "      <td>0.061823</td>\n",
       "      <td>0.177458</td>\n",
       "      <td>0.097344</td>\n",
       "      <td>0.081807</td>\n",
       "      <td>0.216374</td>\n",
       "      <td>0.145112</td>\n",
       "      <td>0.074788</td>\n",
       "      <td>0.022892</td>\n",
       "      <td>0.120451</td>\n",
       "      <td>1.000000</td>\n",
       "    </tr>\n",
       "  </tbody>\n",
       "</table>\n",
       "</div>"
      ],
      "text/plain": [
       "                     male       age  education  currentSmoker  cigsPerDay  \\\n",
       "male             1.000000 -0.029014   0.017415       0.197026    0.316023   \n",
       "age             -0.029014  1.000000  -0.166356      -0.213662   -0.192534   \n",
       "education        0.017415 -0.166356   1.000000       0.018528    0.008296   \n",
       "currentSmoker    0.197026 -0.213662   0.018528       1.000000    0.767055   \n",
       "cigsPerDay       0.316023 -0.192534   0.008296       0.767055    1.000000   \n",
       "BPMeds          -0.052203  0.122036  -0.010820      -0.048621   -0.045847   \n",
       "prevalentStroke -0.004550  0.057679  -0.035142      -0.032980   -0.032711   \n",
       "prevalentHyp     0.005853  0.306799  -0.081726      -0.103710   -0.066444   \n",
       "diabetes         0.015693  0.101314  -0.038749      -0.044285   -0.037086   \n",
       "totChol         -0.070064  0.260691  -0.023504      -0.046211   -0.026182   \n",
       "sysBP           -0.035879  0.394053  -0.129496      -0.130281   -0.088523   \n",
       "diaBP            0.058199  0.205586  -0.061919      -0.107933   -0.056473   \n",
       "BMI              0.081705  0.135578  -0.137476      -0.167483   -0.092888   \n",
       "heartRate       -0.116913 -0.012839  -0.054176       0.062678    0.075257   \n",
       "glucose          0.005718  0.116951  -0.034228      -0.054062   -0.056020   \n",
       "TenYearCHD       0.088374  0.225408  -0.054248       0.019448    0.057646   \n",
       "\n",
       "                   BPMeds  prevalentStroke  prevalentHyp  diabetes   totChol  \\\n",
       "male            -0.052203        -0.004550      0.005853  0.015693 -0.070064   \n",
       "age              0.122036         0.057679      0.306799  0.101314  0.260691   \n",
       "education       -0.010820        -0.035142     -0.081726 -0.038749 -0.023504   \n",
       "currentSmoker   -0.048621        -0.032980     -0.103710 -0.044285 -0.046211   \n",
       "cigsPerDay      -0.045847        -0.032711     -0.066444 -0.037086 -0.026182   \n",
       "BPMeds           1.000000         0.115008      0.259125  0.051584  0.078973   \n",
       "prevalentStroke  0.115008         1.000000      0.074791  0.006955  0.000105   \n",
       "prevalentHyp     0.259125         0.074791      1.000000  0.077752  0.162683   \n",
       "diabetes         0.051584         0.006955      0.077752  1.000000  0.040161   \n",
       "totChol          0.078973         0.000105      0.162683  0.040161  1.000000   \n",
       "sysBP            0.252023         0.057000      0.696656  0.111265  0.207436   \n",
       "diaBP            0.192387         0.045153      0.615840  0.050260  0.163423   \n",
       "BMI              0.099586         0.024856      0.300599  0.086282  0.115013   \n",
       "heartRate        0.015172        -0.017674      0.146777  0.048986  0.090678   \n",
       "glucose          0.048925         0.018065      0.082757  0.605709  0.044710   \n",
       "TenYearCHD       0.086805         0.061823      0.177458  0.097344  0.081807   \n",
       "\n",
       "                    sysBP     diaBP       BMI  heartRate   glucose  TenYearCHD  \n",
       "male            -0.035879  0.058199  0.081705  -0.116913  0.005718    0.088374  \n",
       "age              0.394053  0.205586  0.135578  -0.012839  0.116951    0.225408  \n",
       "education       -0.129496 -0.061919 -0.137476  -0.054176 -0.034228   -0.054248  \n",
       "currentSmoker   -0.130281 -0.107933 -0.167483   0.062678 -0.054062    0.019448  \n",
       "cigsPerDay      -0.088523 -0.056473 -0.092888   0.075257 -0.056020    0.057646  \n",
       "BPMeds           0.252023  0.192387  0.099586   0.015172  0.048925    0.086805  \n",
       "prevalentStroke  0.057000  0.045153  0.024856  -0.017674  0.018065    0.061823  \n",
       "prevalentHyp     0.696656  0.615840  0.300599   0.146777  0.082757    0.177458  \n",
       "diabetes         0.111265  0.050260  0.086282   0.048986  0.605709    0.097344  \n",
       "totChol          0.207436  0.163423  0.115013   0.090678  0.044710    0.081807  \n",
       "sysBP            1.000000  0.783952  0.325172   0.182084  0.134561    0.216374  \n",
       "diaBP            0.783952  1.000000  0.376317   0.181012  0.058499    0.145112  \n",
       "BMI              0.325172  0.376317  1.000000   0.067318  0.082123    0.074788  \n",
       "heartRate        0.182084  0.181012  0.067318   1.000000  0.089386    0.022892  \n",
       "glucose          0.134561  0.058499  0.082123   0.089386  1.000000    0.120451  \n",
       "TenYearCHD       0.216374  0.145112  0.074788   0.022892  0.120451    1.000000  "
      ]
     },
     "execution_count": 78,
     "metadata": {},
     "output_type": "execute_result"
    }
   ],
   "source": [
    "df.corr()"
   ]
  },
  {
   "cell_type": "markdown",
   "id": "461222c3",
   "metadata": {},
   "source": [
    "### Dropping the column 'education' as it does not contribute to the risk of getting heart diseases"
   ]
  },
  {
   "cell_type": "code",
   "execution_count": 79,
   "id": "23f09bd7",
   "metadata": {},
   "outputs": [],
   "source": [
    "columns_to_drop = ['education']\n",
    "df = df.drop(columns=columns_to_drop)"
   ]
  },
  {
   "cell_type": "code",
   "execution_count": 80,
   "id": "9930b6c9",
   "metadata": {},
   "outputs": [
    {
     "data": {
      "text/html": [
       "<div>\n",
       "<style scoped>\n",
       "    .dataframe tbody tr th:only-of-type {\n",
       "        vertical-align: middle;\n",
       "    }\n",
       "\n",
       "    .dataframe tbody tr th {\n",
       "        vertical-align: top;\n",
       "    }\n",
       "\n",
       "    .dataframe thead th {\n",
       "        text-align: right;\n",
       "    }\n",
       "</style>\n",
       "<table border=\"1\" class=\"dataframe\">\n",
       "  <thead>\n",
       "    <tr style=\"text-align: right;\">\n",
       "      <th></th>\n",
       "      <th>male</th>\n",
       "      <th>age</th>\n",
       "      <th>currentSmoker</th>\n",
       "      <th>cigsPerDay</th>\n",
       "      <th>BPMeds</th>\n",
       "      <th>prevalentStroke</th>\n",
       "      <th>prevalentHyp</th>\n",
       "      <th>diabetes</th>\n",
       "      <th>totChol</th>\n",
       "      <th>sysBP</th>\n",
       "      <th>diaBP</th>\n",
       "      <th>BMI</th>\n",
       "      <th>heartRate</th>\n",
       "      <th>glucose</th>\n",
       "      <th>TenYearCHD</th>\n",
       "    </tr>\n",
       "  </thead>\n",
       "  <tbody>\n",
       "    <tr>\n",
       "      <th>0</th>\n",
       "      <td>1</td>\n",
       "      <td>39</td>\n",
       "      <td>0</td>\n",
       "      <td>0.0</td>\n",
       "      <td>0.000000</td>\n",
       "      <td>0</td>\n",
       "      <td>0</td>\n",
       "      <td>0</td>\n",
       "      <td>195.0</td>\n",
       "      <td>106.0</td>\n",
       "      <td>70.0</td>\n",
       "      <td>26.97</td>\n",
       "      <td>80.0</td>\n",
       "      <td>77.000000</td>\n",
       "      <td>0</td>\n",
       "    </tr>\n",
       "    <tr>\n",
       "      <th>1</th>\n",
       "      <td>0</td>\n",
       "      <td>46</td>\n",
       "      <td>0</td>\n",
       "      <td>0.0</td>\n",
       "      <td>0.000000</td>\n",
       "      <td>0</td>\n",
       "      <td>0</td>\n",
       "      <td>0</td>\n",
       "      <td>250.0</td>\n",
       "      <td>121.0</td>\n",
       "      <td>81.0</td>\n",
       "      <td>28.73</td>\n",
       "      <td>95.0</td>\n",
       "      <td>76.000000</td>\n",
       "      <td>0</td>\n",
       "    </tr>\n",
       "    <tr>\n",
       "      <th>2</th>\n",
       "      <td>1</td>\n",
       "      <td>48</td>\n",
       "      <td>1</td>\n",
       "      <td>20.0</td>\n",
       "      <td>0.000000</td>\n",
       "      <td>0</td>\n",
       "      <td>0</td>\n",
       "      <td>0</td>\n",
       "      <td>245.0</td>\n",
       "      <td>127.5</td>\n",
       "      <td>80.0</td>\n",
       "      <td>25.34</td>\n",
       "      <td>75.0</td>\n",
       "      <td>70.000000</td>\n",
       "      <td>0</td>\n",
       "    </tr>\n",
       "    <tr>\n",
       "      <th>3</th>\n",
       "      <td>0</td>\n",
       "      <td>61</td>\n",
       "      <td>1</td>\n",
       "      <td>30.0</td>\n",
       "      <td>0.000000</td>\n",
       "      <td>0</td>\n",
       "      <td>1</td>\n",
       "      <td>0</td>\n",
       "      <td>225.0</td>\n",
       "      <td>150.0</td>\n",
       "      <td>95.0</td>\n",
       "      <td>28.58</td>\n",
       "      <td>65.0</td>\n",
       "      <td>103.000000</td>\n",
       "      <td>1</td>\n",
       "    </tr>\n",
       "    <tr>\n",
       "      <th>4</th>\n",
       "      <td>0</td>\n",
       "      <td>46</td>\n",
       "      <td>1</td>\n",
       "      <td>23.0</td>\n",
       "      <td>0.000000</td>\n",
       "      <td>0</td>\n",
       "      <td>0</td>\n",
       "      <td>0</td>\n",
       "      <td>285.0</td>\n",
       "      <td>130.0</td>\n",
       "      <td>84.0</td>\n",
       "      <td>23.10</td>\n",
       "      <td>85.0</td>\n",
       "      <td>85.000000</td>\n",
       "      <td>0</td>\n",
       "    </tr>\n",
       "    <tr>\n",
